lvl: 0   wid: 1
min: 2 max: 1
[[0 0 0 0 0 0 0 0 0 0 0 0 0 0 0]
 [0 0 0 0 0 0 0 0 0 0 0 0 0 0 0]
 [0 0 0 0 0 0 0 0 0 0 0 0 0 0 0]
 [0 0 0 0 0 0 0 0 0 0 0 0 0 0 0]
 [0 0 0 0 0 0 0 0 0 0 0 0 0 0 0]
 [0 0 0 0 0 0 0 0 0 0 0 0 0 0 0]
 [0 0 0 0 0 0 0 0 0 0 0 0 0 0 0]
 [0 0 0 0 0 0 0 0 0 0 0 0 0 0 0]
 [0 0 0 0 0 0 0 1 0 0 0 0 0 0 0]
 [0 0 0 0 0 0 0 0 0 0 0 0 0 0 0]
 [0 0 0 0 0 0 0 0 0 0 0 0 0 0 0]
 [0 0 0 0 0 0 0 0 0 0 0 0 0 0 0]
 [0 0 0 0 0 0 0 0 0 0 0 0 0 0 0]
 [0 0 0 0 0 0 0 0 0 0 0 0 0 0 0]
 [0 0 0 0 0 0 0 0 0 0 0 0 0 0 0]]

lvl: 1   wid: 3
min: 2 max: 9
3 5 7 9
8 8
[[ 0  0  0  0  0  0  0  0  0  0  0  0  0  0  0]
 [ 0  0  0  0  0  0  0  0  0  0  0  0  0  0  0]
 [ 0  0  0  0  0  0  0  0  0  0  0  0  0  0  0]
 [ 0  0  0  0  0  0  0  0  0  0  0  0  0  0  0]
 [ 0  0  0  0  0  0  0  0  0  0  0  0  0  0  0]
 [ 0  0  0  0  0  0  0  0  0  0  0  0  0  0  0]
 [ 0  0  0  0  0  0  0  0  0  0  0  0  0  0  0]
 [ 0  0  0  0  0  0  5  4  2  0  0  0  0  0  0]
 [ 0  0  0  0  0  0 10  1  1  0  0  0  0  0  0]
 [ 0  0  0  0  0  0 11 23 25  0  0  0  0  0  0]
 [ 0  0  0  0  0  0  0  0  0  0  0  0  0  0  0]
 [ 0  0  0  0  0  0  0  0  0  0  0  0  0  0  0]
 [ 0  0  0  0  0  0  0  0  0  0  0  0  0  0  0]
 [ 0  0  0  0  0  0  0  0  0  0  0  0  0  0  0]
 [ 0  0  0  0  0  0  0  0  0  0  0  0  0  0  0]]

lvl: 2   wid: 5
min: 10 max: 25
13 17 21 25
9 7
9 8
9 9
[[  0   0   0   0   0   0   0   0   0   0   0   0   0   0   0]
 [  0   0   0   0   0   0   0   0   0   0   0   0   0   0   0]
 [  0   0   0   0   0   0   0   0   0   0   0   0   0   0   0]
 [  0   0   0   0   0   0   0   0   0   0   0   0   0   0   0]
 [  0   0   0   0   0   0   0   0   0   0   0   0   0   0   0]
 [  0   0   0   0   0   0   0   0   0   0   0   0   0   0   0]
 [  0   0   0   0   0 147 142 133 122  59   0   0   0   0   0]
 [  0   0   0   0   0 304   5   4   2  57   0   0   0   0   0]
 [  0   0   0   0   0 330  10   1   1  54   0   0   0   0   0]
 [  0   0   0   0   0 351  11  23  25  26   0   0   0   0   0]
 [  0   0   0   0   0 362 747 806 880 931   0   0   0   0   0]
 [  0   0   0   0   0   0   0   0   0   0   0   0   0   0   0]
 [  0   0   0   0   0   0   0   0   0   0   0   0   0   0   0]
 [  0   0   0   0   0   0   0   0   0   0   0   0   0   0   0]
 [  0   0   0   0   0   0   0   0   0   0   0   0   0   0   0]]

lvl: 3   wid: 7
min: 26 max: 49
31 37 43 49
10 6
10 7
10 8
10 9
10 10
[[    0     0     0     0     0     0     0     0     0     0     0     0
      0     0     0]
 [    0     0     0     0     0     0     0     0     0     0     0     0
      0     0     0]
 [    0     0     0     0     0     0     0     0     0     0     0     0
      0     0     0]
 [    0     0     0     0     0     0     0     0     0     0     0     0
      0     0     0]
 [    0     0     0     0     0     0     0     0     0     0     0     0
      0     0     0]
 [    0     0     0     0  6591  6444  6155  5733  5336  5022  2450     0
      0     0     0]
 [    0     0     0     0 13486   147   142   133   122    59  2391     0
      0     0     0]
 [    0     0     0     0 14267   304     5     4     2    57  2275     0
      0     0     0]
 [    0     0     0     0 15252   330    10     1     1    54  2105     0
      0     0     0]
 [    0     0     0     0 16295   351    11    23    25    26  1968     0
      0     0     0]
 [    0     0     0     0 17008   362   747   806   880   931   957     0
      0     0     0]
 [    0     0     0     0 17370 35487 37402 39835 42452 45220 47108     0
      0     0     0]
 [    0     0     0     0     0     0     0     0     0     0     0     0
      0     0     0]
 [    0     0     0     0     0     0     0     0     0     0     0     0
      0     0     0]
 [    0     0     0     0     0     0     0     0     0     0     0     0
      0     0     0]]

lvl: 4   wid: 9
min: 50 max: 81
57 65 73 81
11 5
11 6
11 7
11 8
11 9
11 10
11 11
[[      0       0       0       0       0       0       0       0       0
        0       0       0       0       0       0]
 [      0       0       0       0       0       0       0       0       0
        0       0       0       0       0       0]
 [      0       0       0       0       0       0       0       0       0
        0       0       0       0       0       0]
 [      0       0       0       0       0       0       0       0       0
        0       0       0       0       0       0]
 [      0       0       0  369601  363010  349975  330785  312453  295229
   279138  266330  130654       0       0       0]
 [      0       0       0  752688    6591    6444    6155    5733    5336
     5022    2450  128204       0       0       0]
 [      0       0       0  787032   13486     147     142     133     122
       59    2391  123363       0       0       0]
 [      0       0       0  830037   14267     304       5       4       2
       57    2275  116247       0       0       0]
 [      0       0       0  875851   15252     330      10       1       1
       54    2105  109476       0       0       0]
 [      0       0       0  924406   16295     351      11      23      25
       26    1968  103128       0       0       0]
 [      0       0       0  975079   17008     362     747     806     880
      931     957   98098       0       0       0]
 [      0       0       0 1009457   17370   35487   37402   39835   42452
    45220   47108   48065       0       0       0]
 [      0       0       0 1026827 2089141 2179400 2292124 2411813 2539320
  2674100 2814493 2909666       0       0       0]
 [      0       0       0       0       0       0       0       0       0
        0       0       0       0       0       0]
 [      0       0       0       0       0       0       0       0       0
        0       0       0       0       0       0]]

The index of the origin is (7, 7)
