[6, 2, 11, 1, 2, 8, 13, 0, 4, 13, 9, 11, 8, 13, 1, 7]
[7, 3, 12, 2, 2, 8, 0, 1, 5, 14, 10, 12, 9, 14, 2, 8]
[8, 4, 13, 3, 3, 9, 1, 2, 5, 0, 11, 13, 10, 15, 3, 9]
[9, 5, 14, 4, 4, 10, 2, 3, 6, 1, 12, 14, 11, 0, 4, 10]
[10, 5, 0, 5, 5, 11, 3, 4, 7, 2, 13, 15, 12, 1, 5, 11]
[11, 6, 1, 6, 6, 12, 4, 5, 8, 3, 14, 0, 13, 2, 6, 12]
[12, 7, 2, 7, 7, 13, 5, 6, 9, 3, 0, 1, 14, 3, 7, 13]
[13, 8, 3, 8, 8, 14, 6, 7, 10, 4, 1, 1, 0, 4, 8, 14]
[14, 9, 4, 9, 8, 0, 7, 8, 11, 5, 2, 2, 1, 5, 9, 15]
[15, 10, 5, 10, 9, 1, 8, 9, 12, 6, 3, 3, 2, 6, 10, 0]
[0, 11, 6, 11, 10, 2, 9, 10, 13, 7, 4, 4, 3, 7, 11, 1]
[1, 12, 7, 12, 11, 3, 9, 10, 0, 8, 5, 5, 4, 8, 12, 2]
[1, 0, 8, 13, 12, 4, 10, 11, 1, 9, 6, 6, 5, 9, 12, 2]
[2, 0, 8, 0, 13, 5, 11, 12, 2, 10, 7, 7, 6, 10, 13, 3]
[3, 1, 8, 0, 0, 6, 12, 13, 3, 11, 8, 8, 7, 11, 14, 4]
[4, 2, 9, 1, 1, 7, 13, 14, 4, 12, 9, 9, 8, 11, 0, 5]
[5, 3, 10, 2, 2, 8, 13, 0, 5, 13, 10, 10, 9, 12, 1, 6]
[6, 4, 11, 3, 2, 8, 0, 1, 6, 14, 11, 11, 10, 13, 2, 7]
[7, 5, 12, 4, 3, 9, 1, 2, 6, 0, 12, 12, 11, 14, 3, 8]
[8, 6, 13, 5, 4, 10, 2, 3, 7, 1, 13, 13, 11, 0, 4, 9]
[8, 6, 0, 6, 5, 11, 3, 4, 8, 2, 14, 14, 12, 1, 5, 10]
[9, 7, 1, 7, 6, 12, 4, 5, 9, 2, 0, 15, 13, 2, 6, 11]
[10, 8, 2, 8, 7, 13, 5, 6, 10, 3, 1, 0, 14, 3, 7, 12]
[11, 9, 3, 9, 8, 14, 6, 7, 11, 4, 2, 0, 0, 4, 8, 13]
[12, 10, 4, 10, 8, 0, 7, 8, 12, 5, 3, 1, 1, 5, 9, 14]
[13, 11, 5, 11, 9, 1, 8, 9, 13, 6, 4, 2, 2, 6, 9, 0]
[0, 12, 6, 12, 10, 2, 9, 10, 14, 7, 5, 3, 3, 7, 9, 0]
[1, 13, 7, 13, 11, 3, 10, 10, 0, 8, 6, 4, 4, 8, 10, 1]
[1, 0, 8, 14, 12, 4, 11, 11, 1, 9, 7, 5, 5, 9, 11, 1]
[2, 1, 8, 0, 13, 5, 12, 12, 2, 10, 8, 6, 6, 10, 12, 2]
[3, 2, 8, 0, 0, 6, 13, 13, 3, 11, 9, 7, 7, 11, 13, 3]
[4, 3, 9, 1, 0, 6, 0, 14, 4, 12, 10, 8, 8, 12, 14, 4]
[5, 4, 10, 2, 1, 7, 0, 0, 5, 13, 11, 9, 9, 13, 15, 5]
[6, 5, 11, 3, 2, 8, 1, 1, 6, 14, 12, 10, 10, 14, 0, 6]
[7, 6, 12, 4, 3, 9, 2, 2, 6, 0, 13, 11, 11, 15, 1, 7]
[8, 7, 13, 5, 4, 10, 3, 3, 7, 1, 14, 12, 12, 0, 2, 8]
[9, 8, 14, 6, 5, 11, 4, 4, 8, 1, 0, 13, 13, 1, 3, 9]
[10, 8, 0, 7, 6, 12, 5, 5, 9, 2, 1, 14, 14, 2, 4, 10]
[11, 9, 1, 8, 7, 13, 6, 6, 10, 3, 1, 0, 15, 3, 5, 11]
[12, 10, 2, 9, 8, 14, 7, 7, 11, 4, 2, 1, 0, 4, 6, 12]
[13, 11, 3, 10, 8, 0, 8, 8, 12, 5, 3, 2, 1, 5, 7, 13]
[0, 12, 4, 11, 9, 1, 9, 9, 13, 6, 4, 3, 2, 6, 7, 13]
[1, 13, 5, 12, 10, 2, 9, 9, 0, 7, 5, 4, 3, 7, 8, 14]
[2, 14, 6, 13, 11, 3, 10, 10, 1, 8, 6, 5, 4, 8, 8, 0]
[2, 0, 7, 14, 12, 4, 11, 11, 2, 9, 7, 6, 5, 9, 9, 1]
[3, 1, 7, 0, 13, 5, 12, 12, 3, 10, 8, 7, 6, 10, 10, 2]
[4, 2, 7, 0, 0, 6, 13, 13, 4, 11, 9, 8, 7, 11, 11, 3]
[5, 3, 8, 1, 0, 6, 0, 14, 5, 12, 10, 9, 8, 12, 12, 4]
[6, 4, 9, 2, 1, 7, 0, 0, 6, 13, 11, 10, 9, 13, 13, 5]
[7, 5, 10, 3, 2, 8, 1, 0, 6, 0, 12, 11, 10, 14, 14, 6]
[8, 6, 11, 4, 3, 9, 2, 1, 7, 1, 13, 12, 10, 0, 15, 7]
[9, 7, 12, 5, 4, 10, 3, 2, 8, 2, 14, 13, 11, 1, 0, 8]
[10, 8, 13, 6, 5, 11, 4, 3, 9, 2, 0, 14, 12, 2, 1, 9]
[11, 9, 14, 7, 6, 12, 5, 4, 10, 3, 0, 0, 13, 3, 2, 10]
[12, 9, 0, 8, 7, 13, 6, 5, 11, 4, 1, 1, 14, 4, 3, 11]
[13, 10, 1, 9, 8, 14, 7, 6, 12, 5, 2, 1, 0, 5, 4, 12]
[14, 11, 2, 10, 8, 0, 8, 7, 13, 6, 3, 2, 1, 6, 5, 13]
[0, 12, 3, 11, 9, 1, 9, 8, 14, 7, 4, 3, 2, 7, 6, 13]
[1, 13, 4, 12, 10, 2, 10, 8, 0, 8, 5, 4, 3, 8, 7, 14]
[2, 14, 5, 13, 11, 3, 11, 9, 1, 9, 6, 5, 4, 9, 7, 0]
[2, 0, 6, 14, 12, 4, 12, 10, 2, 10, 7, 6, 5, 10, 8, 1]
[3, 1, 6, 0, 13, 5, 13, 11, 3, 11, 8, 7, 6, 11, 9, 2]
[4, 2, 6, 0, 0, 6, 14, 12, 4, 12, 9, 8, 7, 12, 10, 3]
[5, 3, 7, 1, 1, 6, 0, 13, 5, 13, 10, 9, 8, 13, 11, 4]
[6, 4, 8, 2, 2, 6, 0, 0, 6, 14, 11, 10, 9, 14, 12, 5]
[7, 5, 9, 3, 3, 7, 1, 1, 6, 0, 12, 11, 10, 15, 13, 6]
[8, 6, 10, 4, 4, 8, 2, 2, 7, 1, 13, 12, 11, 0, 14, 7]
[9, 7, 11, 5, 5, 9, 3, 3, 8, 2, 14, 13, 12, 0, 0, 8]
[10, 8, 12, 6, 6, 10, 4, 4, 9, 2, 0, 14, 13, 1, 1, 9]
[11, 9, 13, 7, 7, 11, 5, 5, 10, 3, 0, 0, 14, 2, 2, 10]
[12, 10, 14, 8, 8, 12, 6, 6, 11, 4, 1, 0, 0, 3, 3, 11]
[13, 10, 0, 9, 9, 13, 7, 7, 12, 5, 2, 1, 1, 4, 4, 12]
[0, 11, 1, 10, 10, 14, 8, 8, 13, 6, 3, 2, 2, 5, 4, 12]
[1, 12, 2, 11, 10, 0, 9, 9, 14, 7, 4, 3, 3, 6, 5, 13]
[2, 13, 3, 12, 11, 1, 10, 9, 0, 8, 5, 4, 4, 7, 6, 14]
[3, 14, 4, 13, 12, 2, 11, 10, 1, 9, 6, 5, 5, 8, 6, 0]
[3, 0, 5, 14, 13, 3, 12, 11, 2, 10, 7, 6, 6, 9, 7, 1]
[4, 1, 5, 0, 14, 4, 13, 12, 3, 11, 8, 7, 7, 10, 8, 2]
[5, 2, 6, 0, 0, 5, 14, 13, 4, 12, 9, 8, 8, 11, 9, 3]
[6, 3, 7, 1, 1, 5, 0, 14, 5, 13, 10, 9, 9, 12, 10, 4]
[7, 4, 8, 2, 2, 6, 0, 0, 6, 14, 11, 10, 10, 13, 11, 5]
[8, 5, 9, 3, 3, 7, 1, 1, 6, 0, 12, 11, 11, 14, 12, 6]
[9, 6, 10, 4, 4, 8, 2, 2, 7, 1, 13, 12, 11, 0, 13, 7]
[10, 7, 11, 5, 5, 9, 3, 3, 7, 1, 0, 13, 12, 1, 14, 8]
[11, 8, 12, 6, 6, 10, 4, 4, 8, 2, 1, 14, 13, 1, 0, 9]
[12, 9, 13, 7, 7, 11, 5, 5, 9, 3, 1, 0, 14, 2, 1, 10]
[13, 10, 14, 8, 8, 12, 6, 6, 10, 4, 2, 0, 0, 3, 2, 11]
[14, 10, 0, 9, 9, 13, 7, 7, 11, 5, 3, 1, 1, 4, 3, 12]
[0, 11, 1, 10, 10, 14, 8, 8, 12, 6, 4, 2, 2, 5, 4, 12]
[1, 12, 2, 11, 10, 0, 9, 9, 13, 7, 5, 3, 3, 6, 5, 13]
[2, 13, 3, 12, 11, 1, 9, 9, 0, 8, 6, 4, 4, 7, 6, 14]
[3, 14, 4, 13, 12, 2, 10, 10, 1, 9, 7, 5, 5, 8, 6, 0]
[3, 0, 5, 14, 13, 3, 11, 11, 2, 10, 8, 6, 6, 9, 7, 1]
[4, 1, 5, 0, 14, 4, 12, 12, 3, 11, 9, 7, 7, 10, 8, 2]
[5, 2, 6, 0, 0, 5, 13, 13, 4, 12, 10, 8, 8, 11, 9, 3]
[6, 3, 7, 1, 0, 5, 0, 14, 5, 13, 11, 9, 9, 12, 10, 4]
[7, 4, 8, 2, 1, 6, 0, 0, 6, 14, 12, 10, 10, 13, 11, 5]
[8, 5, 9, 3, 2, 7, 1, 1, 6, 0, 13, 11, 11, 14, 12, 6]
[9, 6, 10, 4, 3, 8, 2, 2, 7, 1, 14, 12, 11, 0, 13, 7]
[10, 7, 11, 5, 4, 9, 3, 3, 8, 1, 0, 13, 12, 1, 14, 8]
Times through loop: 100
